
    no AudiDriveSelect
    31 31 00 00
    02 00 00 00 00 00 00 00 00 00 00 00 00 00 00 00 00 00
    02 00 00 00 00 00 00 00 00 00 00 00 00 00 00 00 00 00
    02 00 00 00 00 00 00 00 00 00 00 00 00 00 00 00 00 00
    02 00 00 00 00 00 00 00 00 00 00 00 00 00 00 00 00 00
    02 00 00 00 00 00 00 00 00 00 00 00 00 00 00 00 00 00
    02 00 00 00 00 00 00 00 00 00 00 00 00 00 00 00 00 00
    02 00 00 00 00 00 00 00 00 00 00 00 00 00 00 00 00 00
    02 00 00 00 00 00 00 00 00 00 00 00 00 00 00 00 00 00
    0C 02 0C 00 01 02 00 00
    3A 17 73 E5

    with AudiDriveSelect (comfort, auto, dynamic)
    31 31 0E 0E
    02 00 00 00 00 00 00 00 00 00 00 00 00 00 00 00 00 00
    FF 00 00 11 00 01 01 01 00 00 00 11 00 00 00 00 00 11
    FF 00 00 22 00 02 02 02 00 00 00 22 00 00 00 00 00 12
    FF 00 00 33 00 03 03 03 00 00 00 33 00 00 00 00 00 13
    02 00 00 00 00 00 00 00 00 00 00 00 00 00 00 00 00 00
    02 00 00 00 00 00 00 00 00 00 00 00 00 00 00 00 00 00
    02 00 00 00 00 00 00 00 00 00 00 00 00 00 00 00 00 00
    02 00 00 00 00 00 00 00 00 00 00 00 00 00 00 00 00 00
    0C 02 0C 00 01 02 00 00
    B7 38 A8 6A

    //with AudiDriveSelect (comfort, auto, dynamic, efficiency)
    31 31 2E 0E
    02 00 00 00 00 00 00 00 00 00 00 00 00 00 00 00 00 00 // N/A
    FF 00 00 11 00 01 01 01 00 00 00 11 00 00 00 00 00 11 // comfort
    FF 00 00 22 00 02 02 02 00 00 00 22 00 00 00 00 00 12 // auto
    FF 00 00 33 00 03 03 03 00 00 00 33 00 00 00 00 00 13 // dynamic
    02 00 00 00 00 00 00 00 00 00 00 00 00 00 00 00 00 00 // offroad
    02 00 00 55 00 02 05 02 00 00 00 55 00 00 00 00 00 12 // efficiency
    02 00 00 00 00 00 00 00 00 00 00 00 00 00 00 00 00 00 // race
    02 00 00 00 00 00 00 00 00 00 00 00 00 00 00 00 00 00 // individual
    0C 02 0C 00 01 02 00 00
    11 00 97 60


    FF //set to profile after key off key on (FF = no change?)
    00
    00
    22
    00
    02
    02
    02
    00
    00
    00
    22
    00
    00
    00
    00
    00
    12
